0		16637		20066		49928		32258		34322		20698
16637		0		33147		66555		32385		34191		33405
20066		33147		0		41238		25908		53244		32232
49928		66555		41238		0		66810		66294		40290
32258		32385		25908		66810		0		64464		52020
34322		34191		53244		66294		64464		0		26724
20698		33405		32232		40290		52020		26724		0