0		46240		47328		59160		73984		121104		115600
46240		0		85952		89080		71264		165584		107440
47328		85952		0		88392		69088		109968		160528
59160		89080		88392		0		133096		91176		86360
73984		71264		69088		133096		0		178160		176784
121104		165584		109968		91176		178160		0		171904
115600		107440		160528		86360		176784		171904		0